sbjGroups:
[10, 36, 2, 21, 25], [42, 47, 48, 13, 15]   2

profSubject:
[21, 31, 27, 48], [48, 18, 33, 2], [42, 38, 25, 30], [21, 29, 2, 44], [48, 12, 49, 25], [44, 36, 41, 20], [11, 40, 28, 3], [36, 44, 42, 19], [20, 5, 21, 0], [22, 47, 42, 36], [15, 10, 9, 13], [16, 7, 25, 2], [9, 32, 25, 34], [7, 10, 4, 34], [11, 19, 15, 10], [39, 17, 2, 42], [47, 48, 12, 18], [8, 46, 37, 13], [40, 4, 45, 8], [22, 45, 33, 17], [19, 1, 39, 10], [35, 20, 36, 10], [49, 47, 13, 22], [29, 47, 36, 40], [21, 49, 15, 35]   25

sbjProfs:
[(10, 1), (13, 1), (14, 3), (20, 3), (21, 3)], [(7, 0), (5, 1), (21, 2), (23, 2), (9, 3)], [(3, 2), (15, 2), (1, 3), (11, 3)], [(0, 0), (3, 0), (24, 0), (8, 2)], [(2, 2), (11, 2), (12, 2), (4, 3)], [(2, 0), (7, 2), (9, 2), (15, 3)], [(16, 0), (9, 1), (22, 1), (23, 1)], [(1, 0), (4, 0), (16, 1), (0, 3)], [(22, 2), (10, 3), (17, 3)], [(10, 0), (14, 2), (24, 2)]   10

candAval:
[[3, 10], [3, 13], [1, 14], [2, 20], [1, 21]], [[4, 10], [2, 13], [0, 14], [2, 20], [0, 21]], [[4, 10], [2, 13], [0, 14], [2, 20], [0, 21]], [[3, 10], [3, 13], [1, 14], [2, 20], [1, 21]], [[3, 10], [3, 13], [1, 14], [2, 20], [1, 21]], [[5, 7], [2, 5], [1, 21], [3, 23], [0, 9]], [[4, 7], [3, 5], [2, 21], [3, 23], [1, 9]], [[4, 7], [3, 5], [2, 21], [3, 23], [1, 9]], [[4, 7], [3, 5], [2, 21], [3, 23], [1, 9]], [[4, 7], [3, 5], [2, 21], [3, 23], [1, 9]]   10

profPeriod:
(1, 1, 2), (1, 1, 2), (1, 1, 2), (1, 1, 2), (2, 2, 2), (1, 1, 2), (2, 2, 2), (1, 2, 2), (2, 2, 2), (2, 1, 1), (2, 2, 1), (1, 1, 2), (2, 1, 1), (1, 1, 2), (2, 1, 1), (2, 2, 1), (1, 1, 2), (2, 1, 2), (2, 1, 2), (2, 2, 2), (2, 2, 2), (1, 1, 2), (2, 2, 2), (2, 2, 2), (2, 2, 2)   25

sbjPeriod:
1, 1, 2, 1, 2, 2, 1, 1, 1, 1, 1, 1, 2, 1, 1, 1, 1, 1, 1, 1, 1, 1, 2, 1, 1, 1, 1, 2, 1, 1, 2, 1, 1, 1, 2, 1, 2, 1, 1, 2, 2, 1, 2, 1, 1, 1, 2, 1, 1, 1   50

sbjHPW:
2, 4, 4, 3, 2, 4, 3, 3, 4, 5, 3, 5, 4, 4, 4, 2, 3, 5, 2, 3, 3, 2, 2, 5, 2, 2, 4, 4, 4, 4, 4, 4, 2, 4, 3, 4, 2, 3, 4, 3, 4, 4, 3, 5, 4, 5, 3, 2, 5, 3   50

sbjOrdered:
10, 36, 2, 21, 25, 42, 47, 48, 13, 15, 19, 20, 22, 40, 44, 49, 4, 7, 8, 9, 11, 12, 17, 18, 29, 33, 34, 35, 39, 45, 0, 1, 3, 5, 16, 27, 28, 30, 31, 32, 37, 38, 41, 46   44

sbjBook:
-1[[-1, 1, 2, -1, 0, 0], [-1, 1, 2, -1, 0, 1], [-1, 1, 2, -1, 0, 2], [-1, 1, 2, -1, 0, 3], [-1, 1, 2, -1, 0, 4], [-1, 1, 2, -1, 0, 5], [-1, 1, 2, -1, 0, 6], [-1, 1, 2, -1, 0, 7], [-1, 1, 2, -1, 0, 8], [-1, 1, 2, -1, 0, 9], [-1, 2, 2, -1, 0, 0], [-1, 2, 2, -1, 0, 1], [-1, 2, 2, -1, 0, 2], [-1, 2, 2, -1, 0, 3], [-1, 2, 2, -1, 0, 4], [-1, 2, 2, -1, 0, 5], [-1, 2, 2, -1, 0, 6], [-1, 2, 2, -1, 0, 7], [-1, 2, 2, -1, 0, 8], [-1, 2, 2, -1, 0, 9], [-1, 3, 2, -1, 0, 0], [-1, 3, 2, -1, 0, 1], [-1, 3, 2, -1, 0, 2], [-1, 3, 2, -1, 0, 3], [-1, 3, 2, -1, 0, 4], [-1, 3, 2, -1, 0, 5], [-1, 3, 2, -1, 0, 6], [-1, 3, 2, -1, 0, 7], [-1, 3, 2, -1, 0, 8], [-1, 3, 2, -1, 0, 9], [-1, 1, 2, -1, 1, 0], [-1, 1, 2, -1, 1, 1], [-1, 1, 2, -1, 1, 2], [-1, 1, 2, -1, 1, 3], [-1, 1, 2, -1, 1, 4], [-1, 1, 2, -1, 1, 5], [-1, 1, 2, -1, 1, 6], [-1, 1, 2, -1, 1, 7], [-1, 1, 2, -1, 1, 8], [-1, 1, 2, -1, 1, 9], [-1, 2, 2, -1, 1, 0], [-1, 2, 2, -1, 1, 1], [-1, 2, 2, -1, 1, 2], [-1, 2, 2, -1, 1, 3], [-1, 2, 2, -1, 1, 4], [-1, 2, 2, -1, 1, 5], [-1, 2, 2, -1, 1, 6], [-1, 2, 2, -1, 1, 7], [-1, 2, 2, -1, 1, 8], [-1, 2, 2, -1, 1, 9], [-1, 3, 2, -1, 1, 0], [-1, 3, 2, -1, 1, 1], [-1, 3, 2, -1, 1, 2], [-1, 3, 2, -1, 1, 3], [-1, 3, 2, -1, 1, 4], [-1, 3, 2, -1, 1, 5], [-1, 3, 2, -1, 1, 6], [-1, 3, 2, -1, 1, 7], [-1, 3, 2, -1, 1, 8], [-1, 3, 2, -1, 1, 9], [-1, 1, 2, -1, 0, 0], [-1, 1, 2, -1, 0, 1], [-1, 1, 2, -1, 0, 2], [-1, 1, 2, -1, 0, 3], [-1, 1, 2, -1, 0, 4], [-1, 1, 2, -1, 0, 5], [-1, 1, 2, -1, 0, 6], [-1, 1, 2, -1, 0, 7], [-1, 1, 2, -1, 0, 8], [-1, 1, 2, -1, 0, 9], [-1, 2, 2, -1, 0, 0], [-1, 2, 2, -1, 0, 1], [-1, 2, 2, -1, 0, 2], [-1, 2, 2, -1, 0, 3], [-1, 2, 2, -1, 0, 4], [-1, 2, 2, -1, 0, 5], [-1, 2, 2, -1, 0, 6], [-1, 2, 2, -1, 0, 7], [-1, 2, 2, -1, 0, 8], [-1, 2, 2, -1, 0, 9], [-1, 3, 2, -1, 0, 0], [-1, 3, 2, -1, 0, 1], [-1, 3, 2, -1, 0, 2], [-1, 3, 2, -1, 0, 3], [-1, 3, 2, -1, 0, 4], [-1, 3, 2, -1, 0, 5], [-1, 3, 2, -1, 0, 6], [-1, 3, 2, -1, 0, 7], [-1, 3, 2, -1, 0, 8], [-1, 3, 2, -1, 0, 9], [-1, 1, 2, -1, 1, 0], [-1, 1, 2, -1, 1, 1], [-1, 1, 2, -1, 1, 2], [-1, 1, 2, -1, 1, 3], [-1, 1, 2, -1, 1, 4], [-1, 1, 2, -1, 1, 5], [-1, 1, 2, -1, 1, 6], [-1, 1, 2, -1, 1, 7], [-1, 1, 2, -1, 1, 8], [-1, 1, 2, -1, 1, 9], [-1, 2, 2, -1, 1, 0], [-1, 2, 2, -1, 1, 1], [-1, 2, 2, -1, 1, 2], [-1, 2, 2, -1, 1, 3], [-1, 2, 2, -1, 1, 4], [-1, 2, 2, -1, 1, 5], [-1, 2, 2, -1, 1, 6], [-1, 2, 2, -1, 1, 7], [-1, 2, 2, -1, 1, 8], [-1, 2, 2, -1, 1, 9], [-1, 3, 2, -1, 1, 0], [-1, 3, 2, -1, 1, 1], [-1, 3, 2, -1, 1, 2], [-1, 3, 2, -1, 1, 3], [-1, 3, 2, -1, 1, 4], [-1, 3, 2, -1, 1, 5], [-1, 3, 2, -1, 1, 6], [-1, 3, 2, -1, 1, 7], [-1, 3, 2, -1, 1, 8], [-1, 3, 2, -1, 1, 9]], 2[[2, 0, 4, 15, 0, 0, 1], [2, 0, 4, 15, 0, 2, 3], [2, 1, 4, 10, 0, 3, 2], [2, 1, 4, 14, 0, 0, 1]], 5[[5, 0, 4, 8, None, 0, 1]], 7[[7, 2, 3, 11, None, 0, 1]], 8[[8, 2, 4, 17, None, 0, 1]], 9[[9, 0, 5, 12, None, 1, 2, 3], [9, 0, 5, 12, None, 4, 5, 6]], 10[[10, 0, 3, 10, 0, 0, 1], [10, 0, 3, 20, 0, 2, 3], [10, 2, 3, 13, 0, 4, 5], [10, 2, 3, 13, 0, 0, 1]], 12[[12, 2, 4, 16, None, 1, 2]], 13[[13, 0, 4, 23, 1, 4, 5], [13, 2, 4, 5, 1, 0, 1], [13, 0, 4, 23, 1, 6, 7], [13, 0, 4, 17, 1, 0, 1], [13, 1, 4, 22, 1, 0, 1], [13, 2, 4, 7, 1, 4, 2]], 15[[15, 0, 2, 9, 1, 0], [15, 0, 2, 23, 1, 8], [15, 2, 2, 7, 1, 5], [15, 2, 2, 5, 1, 2]], 16[[16, 2, 3, 11, None, 2, 3]], 17[[17, 1, 5, 19, None, 0, 1, 2]], 18[[18, 2, 2, 1, None, 0], [18, 2, 2, 1, None, 1], [18, 2, 2, 1, None, 2]], 20[[20, 1, 3, 8, None, 1, 2]], 21[[21, 0, 2, 20, 0, 0], [21, 2, 2, 13, 0, 2], [21, 0, 2, 14, 0, 1], [21, 2, 2, 21, 0, 0], [21, 2, 2, 0, 0, 2], [21, 2, 2, 3, 0, 0], [21, 2, 2, 3, 0, 1], [21, 1, 2, 8, 0, 0]], 22[[22, 2, 2, 19, None, 0]], 25[[25, 0, 2, 20, 0, 1], [25, 2, 2, 13, 0, 3], [25, 0, 2, 14, 0, 0], [25, 2, 2, 21, 0, 1], [25, 2, 2, 11, 0, 4]], 27[[27, 2, 4, 0, None, 0, 1]], 29[[29, 2, 4, 3, None, 2, 3]], 31[[31, 2, 4, 0, None, 3, 4]], 32[[32, 0, 2, 12, None, 0]], 35[[35, 0, 4, 24, None, 0, 1]], 36[[36, 1, 2, 10, 0, 0], [36, 1, 2, 20, 0, 0]], 38[[38, 2, 4, 2, None, 0, 1], [38, 2, 4, 2, None, 4, 5]], 40[[40, 1, 4, 6, None, 0, 1], [40, 2, 4, 6, None, 0, 1], [40, 2, 4, 18, None, 0, 1]], 42[[42, 1, 3, 7, 1, 0, 1], [42, 1, 3, 5, 1, 2, 3], [42, 2, 3, 2, 1, 2, 3]], 45[[45, 0, 5, 18, None, 0, 1, 2], [45, 1, 5, 19, None, 3, 4, 5]], 47[[47, 0, 2, 23, 1, 0], [47, 2, 2, 7, 1, 0], [47, 0, 2, 9, 1, 1], [47, 2, 2, 16, 1, 0], [47, 2, 2, 16, 1, 3], [47, 2, 2, 21, 1, 5]], 48[[48, 0, 5, 23, 1, 1, 2, 3], [48, 2, 5, 1, 1, 3, 4, 5], [48, 0, 5, 9, 1, 4, 5, 2], [48, 0, 5, 4, 1, 0, 1, 6], [48, 2, 5, 7, 1, 1, 3, 6], [48, 2, 5, 21, 1, 4, 3, 6]], 49[[49, 2, 3, 4, None, 0, 1], [49, 2, 3, 22, None, 0, 1], [49, 0, 3, 22, None, 0, 1], [49, 1, 3, 24, None, 0, 1], [49, 2, 3, 24, None, 0, 1]]   30

sbjBook0:
-1[[-1, 1, 2, -1, 0, 0], [-1, 1, 2, -1, 0, 1], [-1, 1, 2, -1, 0, 2], [-1, 1, 2, -1, 0, 3], [-1, 1, 2, -1, 0, 4], [-1, 1, 2, -1, 0, 5], [-1, 1, 2, -1, 0, 6], [-1, 1, 2, -1, 0, 7], [-1, 1, 2, -1, 0, 8], [-1, 1, 2, -1, 0, 9], [-1, 2, 2, -1, 0, 0], [-1, 2, 2, -1, 0, 1], [-1, 2, 2, -1, 0, 2], [-1, 2, 2, -1, 0, 3], [-1, 2, 2, -1, 0, 4], [-1, 2, 2, -1, 0, 5], [-1, 2, 2, -1, 0, 6], [-1, 2, 2, -1, 0, 7], [-1, 2, 2, -1, 0, 8], [-1, 2, 2, -1, 0, 9], [-1, 3, 2, -1, 0, 0], [-1, 3, 2, -1, 0, 1], [-1, 3, 2, -1, 0, 2], [-1, 3, 2, -1, 0, 3], [-1, 3, 2, -1, 0, 4], [-1, 3, 2, -1, 0, 5], [-1, 3, 2, -1, 0, 6], [-1, 3, 2, -1, 0, 7], [-1, 3, 2, -1, 0, 8], [-1, 3, 2, -1, 0, 9], [-1, 1, 2, -1, 1, 0], [-1, 1, 2, -1, 1, 1], [-1, 1, 2, -1, 1, 2], [-1, 1, 2, -1, 1, 3], [-1, 1, 2, -1, 1, 4], [-1, 1, 2, -1, 1, 5], [-1, 1, 2, -1, 1, 6], [-1, 1, 2, -1, 1, 7], [-1, 1, 2, -1, 1, 8], [-1, 1, 2, -1, 1, 9], [-1, 2, 2, -1, 1, 0], [-1, 2, 2, -1, 1, 1], [-1, 2, 2, -1, 1, 2], [-1, 2, 2, -1, 1, 3], [-1, 2, 2, -1, 1, 4], [-1, 2, 2, -1, 1, 5], [-1, 2, 2, -1, 1, 6], [-1, 2, 2, -1, 1, 7], [-1, 2, 2, -1, 1, 8], [-1, 2, 2, -1, 1, 9], [-1, 3, 2, -1, 1, 0], [-1, 3, 2, -1, 1, 1], [-1, 3, 2, -1, 1, 2], [-1, 3, 2, -1, 1, 3], [-1, 3, 2, -1, 1, 4], [-1, 3, 2, -1, 1, 5], [-1, 3, 2, -1, 1, 6], [-1, 3, 2, -1, 1, 7], [-1, 3, 2, -1, 1, 8], [-1, 3, 2, -1, 1, 9], [-1, 1, 2, -1, 0, 0], [-1, 1, 2, -1, 0, 1], [-1, 1, 2, -1, 0, 2], [-1, 1, 2, -1, 0, 3], [-1, 1, 2, -1, 0, 4], [-1, 1, 2, -1, 0, 5], [-1, 1, 2, -1, 0, 6], [-1, 1, 2, -1, 0, 7], [-1, 1, 2, -1, 0, 8], [-1, 1, 2, -1, 0, 9], [-1, 2, 2, -1, 0, 0], [-1, 2, 2, -1, 0, 1], [-1, 2, 2, -1, 0, 2], [-1, 2, 2, -1, 0, 3], [-1, 2, 2, -1, 0, 4], [-1, 2, 2, -1, 0, 5], [-1, 2, 2, -1, 0, 6], [-1, 2, 2, -1, 0, 7], [-1, 2, 2, -1, 0, 8], [-1, 2, 2, -1, 0, 9], [-1, 3, 2, -1, 0, 0], [-1, 3, 2, -1, 0, 1], [-1, 3, 2, -1, 0, 2], [-1, 3, 2, -1, 0, 3], [-1, 3, 2, -1, 0, 4], [-1, 3, 2, -1, 0, 5], [-1, 3, 2, -1, 0, 6], [-1, 3, 2, -1, 0, 7], [-1, 3, 2, -1, 0, 8], [-1, 3, 2, -1, 0, 9], [-1, 1, 2, -1, 1, 0], [-1, 1, 2, -1, 1, 1], [-1, 1, 2, -1, 1, 2], [-1, 1, 2, -1, 1, 3], [-1, 1, 2, -1, 1, 4], [-1, 1, 2, -1, 1, 5], [-1, 1, 2, -1, 1, 6], [-1, 1, 2, -1, 1, 7], [-1, 1, 2, -1, 1, 8], [-1, 1, 2, -1, 1, 9], [-1, 2, 2, -1, 1, 0], [-1, 2, 2, -1, 1, 1], [-1, 2, 2, -1, 1, 2], [-1, 2, 2, -1, 1, 3], [-1, 2, 2, -1, 1, 4], [-1, 2, 2, -1, 1, 5], [-1, 2, 2, -1, 1, 6], [-1, 2, 2, -1, 1, 7], [-1, 2, 2, -1, 1, 8], [-1, 2, 2, -1, 1, 9], [-1, 3, 2, -1, 1, 0], [-1, 3, 2, -1, 1, 1], [-1, 3, 2, -1, 1, 2], [-1, 3, 2, -1, 1, 3], [-1, 3, 2, -1, 1, 4], [-1, 3, 2, -1, 1, 5], [-1, 3, 2, -1, 1, 6], [-1, 3, 2, -1, 1, 7], [-1, 3, 2, -1, 1, 8], [-1, 3, 2, -1, 1, 9]], 2[[2, 1, 4, 10, 0, 1, 2], [2, 1, 4, 14, 0, 0, 3], [2, 0, 4, 15, 0, 0, 1], [2, 0, 4, 15, 0, 2, 3]], 5[[5, 0, 4, 8, None, 0, 1]], 7[[7, 2, 3, 11, None, 0, 1]], 8[[8, 2, 4, 17, None, 0, 1]], 9[[9, 0, 5, 12, None, 1, 2, 3], [9, 0, 5, 12, None, 4, 5, 6]], 10[[10, 0, 3, 10, 0, 0, 1], [10, 2, 3, 13, 0, 0, 1], [10, 0, 3, 20, 0, 2, 3], [10, 2, 3, 13, 0, 4, 5]], 12[[12, 2, 4, 16, None, 1, 2]], 13[[13, 0, 4, 23, 1, 4, 5], [13, 2, 4, 5, 1, 0, 1], [13, 0, 4, 23, 1, 6, 7], [13, 2, 4, 7, 1, 4, 5], [13, 0, 4, 17, 1, 0, 1], [13, 1, 4, 22, 1, 0, 1]], 15[[15, 0, 2, 9, 1, 0], [15, 2, 2, 5, 1, 2], [15, 0, 2, 23, 1, 8], [15, 2, 2, 7, 1, 6]], 16[[16, 2, 3, 11, None, 2, 3]], 17[[17, 1, 5, 19, None, 0, 1, 2]], 18[[18, 2, 2, 1, None, 0], [18, 2, 2, 1, None, 1], [18, 2, 2, 1, None, 2]], 20[[20, 1, 3, 8, None, 1, 2]], 21[[21, 0, 2, 20, 0, 0], [21, 2, 2, 13, 0, 2], [21, 0, 2, 14, 0, 1], [21, 2, 2, 21, 0, 0], [21, 2, 2, 0, 0, 2], [21, 2, 2, 3, 0, 0], [21, 2, 2, 3, 0, 1], [21, 1, 2, 8, 0, 0]], 22[[22, 2, 2, 19, None, 0]], 25[[25, 0, 2, 20, 0, 1], [25, 2, 2, 13, 0, 3], [25, 0, 2, 14, 0, 0], [25, 2, 2, 21, 0, 1], [25, 2, 2, 11, 0, 4]], 27[[27, 2, 4, 0, None, 0, 1]], 29[[29, 2, 4, 3, None, 2, 3]], 31[[31, 2, 4, 0, None, 3, 4]], 32[[32, 0, 2, 12, None, 0]], 35[[35, 0, 4, 24, None, 0, 1]], 36[[36, 1, 2, 10, 0, 0], [36, 1, 2, 20, 0, 1]], 38[[38, 2, 4, 2, None, 0, 1], [38, 2, 4, 2, None, 4, 5]], 40[[40, 1, 4, 6, None, 0, 1], [40, 2, 4, 6, None, 0, 1], [40, 2, 4, 18, None, 0, 1]], 42[[42, 1, 3, 7, 1, 0, 1], [42, 1, 3, 5, 1, 2, 3], [42, 2, 3, 2, 1, 2, 3]], 45[[45, 0, 5, 18, None, 0, 1, 2], [45, 1, 5, 19, None, 3, 4, 5]], 47[[47, 0, 2, 23, 1, 0], [47, 2, 2, 7, 1, 0], [47, 0, 2, 9, 1, 1], [47, 2, 2, 21, 1, 2], [47, 2, 2, 16, 1, 0], [47, 2, 2, 16, 1, 3]], 48[[48, 0, 5, 23, 1, 1, 2, 3], [48, 2, 5, 7, 1, 1, 2, 3], [48, 0, 5, 9, 1, 4, 5, 6], [48, 2, 5, 21, 1, 4, 5, 6], [48, 2, 5, 1, 1, 3, 4, 5], [48, 0, 5, 4, 1, 0, 1, 2]], 49[[49, 2, 3, 4, None, 0, 1], [49, 2, 3, 22, None, 0, 1], [49, 0, 3, 22, None, 0, 1], [49, 1, 3, 24, None, 0, 1], [49, 2, 3, 24, None, 0, 1]]   30

profBook:
-1[[-1, 1, 2, -1, 0, 0], [-1, 1, 2, -1, 0, 1], [-1, 1, 2, -1, 0, 2], [-1, 1, 2, -1, 0, 3], [-1, 1, 2, -1, 0, 4], [-1, 1, 2, -1, 0, 5], [-1, 1, 2, -1, 0, 6], [-1, 1, 2, -1, 0, 7], [-1, 1, 2, -1, 0, 8], [-1, 1, 2, -1, 0, 9], [-1, 2, 2, -1, 0, 0], [-1, 2, 2, -1, 0, 1], [-1, 2, 2, -1, 0, 2], [-1, 2, 2, -1, 0, 3], [-1, 2, 2, -1, 0, 4], [-1, 2, 2, -1, 0, 5], [-1, 2, 2, -1, 0, 6], [-1, 2, 2, -1, 0, 7], [-1, 2, 2, -1, 0, 8], [-1, 2, 2, -1, 0, 9], [-1, 3, 2, -1, 0, 0], [-1, 3, 2, -1, 0, 1], [-1, 3, 2, -1, 0, 2], [-1, 3, 2, -1, 0, 3], [-1, 3, 2, -1, 0, 4], [-1, 3, 2, -1, 0, 5], [-1, 3, 2, -1, 0, 6], [-1, 3, 2, -1, 0, 7], [-1, 3, 2, -1, 0, 8], [-1, 3, 2, -1, 0, 9], [-1, 1, 2, -1, 1, 0], [-1, 1, 2, -1, 1, 1], [-1, 1, 2, -1, 1, 2], [-1, 1, 2, -1, 1, 3], [-1, 1, 2, -1, 1, 4], [-1, 1, 2, -1, 1, 5], [-1, 1, 2, -1, 1, 6], [-1, 1, 2, -1, 1, 7], [-1, 1, 2, -1, 1, 8], [-1, 1, 2, -1, 1, 9], [-1, 2, 2, -1, 1, 0], [-1, 2, 2, -1, 1, 1], [-1, 2, 2, -1, 1, 2], [-1, 2, 2, -1, 1, 3], [-1, 2, 2, -1, 1, 4], [-1, 2, 2, -1, 1, 5], [-1, 2, 2, -1, 1, 6], [-1, 2, 2, -1, 1, 7], [-1, 2, 2, -1, 1, 8], [-1, 2, 2, -1, 1, 9], [-1, 3, 2, -1, 1, 0], [-1, 3, 2, -1, 1, 1], [-1, 3, 2, -1, 1, 2], [-1, 3, 2, -1, 1, 3], [-1, 3, 2, -1, 1, 4], [-1, 3, 2, -1, 1, 5], [-1, 3, 2, -1, 1, 6], [-1, 3, 2, -1, 1, 7], [-1, 3, 2, -1, 1, 8], [-1, 3, 2, -1, 1, 9], [-1, 1, 2, -1, 0, 0], [-1, 1, 2, -1, 0, 1], [-1, 1, 2, -1, 0, 2], [-1, 1, 2, -1, 0, 3], [-1, 1, 2, -1, 0, 4], [-1, 1, 2, -1, 0, 5], [-1, 1, 2, -1, 0, 6], [-1, 1, 2, -1, 0, 7], [-1, 1, 2, -1, 0, 8], [-1, 1, 2, -1, 0, 9], [-1, 2, 2, -1, 0, 0], [-1, 2, 2, -1, 0, 1], [-1, 2, 2, -1, 0, 2], [-1, 2, 2, -1, 0, 3], [-1, 2, 2, -1, 0, 4], [-1, 2, 2, -1, 0, 5], [-1, 2, 2, -1, 0, 6], [-1, 2, 2, -1, 0, 7], [-1, 2, 2, -1, 0, 8], [-1, 2, 2, -1, 0, 9], [-1, 3, 2, -1, 0, 0], [-1, 3, 2, -1, 0, 1], [-1, 3, 2, -1, 0, 2], [-1, 3, 2, -1, 0, 3], [-1, 3, 2, -1, 0, 4], [-1, 3, 2, -1, 0, 5], [-1, 3, 2, -1, 0, 6], [-1, 3, 2, -1, 0, 7], [-1, 3, 2, -1, 0, 8], [-1, 3, 2, -1, 0, 9], [-1, 1, 2, -1, 1, 0], [-1, 1, 2, -1, 1, 1], [-1, 1, 2, -1, 1, 2], [-1, 1, 2, -1, 1, 3], [-1, 1, 2, -1, 1, 4], [-1, 1, 2, -1, 1, 5], [-1, 1, 2, -1, 1, 6], [-1, 1, 2, -1, 1, 7], [-1, 1, 2, -1, 1, 8], [-1, 1, 2, -1, 1, 9], [-1, 2, 2, -1, 1, 0], [-1, 2, 2, -1, 1, 1], [-1, 2, 2, -1, 1, 2], [-1, 2, 2, -1, 1, 3], [-1, 2, 2, -1, 1, 4], [-1, 2, 2, -1, 1, 5], [-1, 2, 2, -1, 1, 6], [-1, 2, 2, -1, 1, 7], [-1, 2, 2, -1, 1, 8], [-1, 2, 2, -1, 1, 9], [-1, 3, 2, -1, 1, 0], [-1, 3, 2, -1, 1, 1], [-1, 3, 2, -1, 1, 2], [-1, 3, 2, -1, 1, 3], [-1, 3, 2, -1, 1, 4], [-1, 3, 2, -1, 1, 5], [-1, 3, 2, -1, 1, 6], [-1, 3, 2, -1, 1, 7], [-1, 3, 2, -1, 1, 8], [-1, 3, 2, -1, 1, 9]], 0[[27, 2, 4, 0, None, 0, 1], [21, 2, 2, 0, 0, 2], [31, 2, 4, 0, None, 3, 4]], 1[[18, 2, 2, 1, None, 0], [18, 2, 2, 1, None, 1], [18, 2, 2, 1, None, 2], [48, 2, 5, 1, 1, 3, 4, 5]], 2[[38, 2, 4, 2, None, 0, 1], [38, 2, 4, 2, None, 4, 5], [42, 2, 3, 2, 1, 2, 3]], 3[[21, 2, 2, 3, 0, 0], [21, 2, 2, 3, 0, 1], [29, 2, 4, 3, None, 2, 3]], 4[[49, 2, 3, 4, None, 0, 1], [48, 0, 5, 4, 1, 0, 1, 6]], 5[[13, 2, 4, 5, 1, 0, 1], [42, 1, 3, 5, 1, 2, 3], [15, 2, 2, 5, 1, 2]], 6[[40, 1, 4, 6, None, 0, 1], [40, 2, 4, 6, None, 0, 1]], 7[[47, 2, 2, 7, 1, 0], [42, 1, 3, 7, 1, 0, 1], [48, 2, 5, 7, 1, 1, 3, 6], [13, 2, 4, 7, 1, 4, 2], [15, 2, 2, 7, 1, 5]], 8[[21, 1, 2, 8, 0, 0], [5, 0, 4, 8, None, 0, 1], [20, 1, 3, 8, None, 1, 2]], 9[[15, 0, 2, 9, 1, 0], [47, 0, 2, 9, 1, 1], [48, 0, 5, 9, 1, 4, 5, 2]], 10[[10, 0, 3, 10, 0, 0, 1], [36, 1, 2, 10, 0, 0], [2, 1, 4, 10, 0, 3, 2]], 11[[7, 2, 3, 11, None, 0, 1], [16, 2, 3, 11, None, 2, 3], [25, 2, 2, 11, 0, 4]], 12[[32, 0, 2, 12, None, 0], [9, 0, 5, 12, None, 1, 2, 3], [9, 0, 5, 12, None, 4, 5, 6]], 13[[21, 2, 2, 13, 0, 2], [25, 2, 2, 13, 0, 3], [10, 2, 3, 13, 0, 4, 5], [10, 2, 3, 13, 0, 0, 1]], 14[[21, 0, 2, 14, 0, 1], [25, 0, 2, 14, 0, 0], [2, 1, 4, 14, 0, 0, 1]], 15[[2, 0, 4, 15, 0, 0, 1], [2, 0, 4, 15, 0, 2, 3]], 16[[47, 2, 2, 16, 1, 0], [12, 2, 4, 16, None, 1, 2], [47, 2, 2, 16, 1, 3]], 17[[13, 0, 4, 17, 1, 0, 1], [8, 2, 4, 17, None, 0, 1]], 18[[40, 2, 4, 18, None, 0, 1], [45, 0, 5, 18, None, 0, 1, 2]], 19[[22, 2, 2, 19, None, 0], [17, 1, 5, 19, None, 0, 1, 2], [45, 1, 5, 19, None, 3, 4, 5]], 20[[21, 0, 2, 20, 0, 0], [25, 0, 2, 20, 0, 1], [10, 0, 3, 20, 0, 2, 3], [36, 1, 2, 20, 0, 0]], 21[[21, 2, 2, 21, 0, 0], [25, 2, 2, 21, 0, 1], [48, 2, 5, 21, 1, 4, 3, 6], [47, 2, 2, 21, 1, 5]], 22[[49, 2, 3, 22, None, 0, 1], [49, 0, 3, 22, None, 0, 1], [13, 1, 4, 22, 1, 0, 1]], 23[[47, 0, 2, 23, 1, 0], [48, 0, 5, 23, 1, 1, 2, 3], [13, 0, 4, 23, 1, 4, 5], [13, 0, 4, 23, 1, 6, 7], [15, 0, 2, 23, 1, 8]], 24[[35, 0, 4, 24, None, 0, 1], [49, 1, 3, 24, None, 0, 1], [49, 2, 3, 24, None, 0, 1]]   26

profBook0:
-1[[-1, 1, 2, -1, 0, 0], [-1, 1, 2, -1, 0, 1], [-1, 1, 2, -1, 0, 2], [-1, 1, 2, -1, 0, 3], [-1, 1, 2, -1, 0, 4], [-1, 1, 2, -1, 0, 5], [-1, 1, 2, -1, 0, 6], [-1, 1, 2, -1, 0, 7], [-1, 1, 2, -1, 0, 8], [-1, 1, 2, -1, 0, 9], [-1, 2, 2, -1, 0, 0], [-1, 2, 2, -1, 0, 1], [-1, 2, 2, -1, 0, 2], [-1, 2, 2, -1, 0, 3], [-1, 2, 2, -1, 0, 4], [-1, 2, 2, -1, 0, 5], [-1, 2, 2, -1, 0, 6], [-1, 2, 2, -1, 0, 7], [-1, 2, 2, -1, 0, 8], [-1, 2, 2, -1, 0, 9], [-1, 3, 2, -1, 0, 0], [-1, 3, 2, -1, 0, 1], [-1, 3, 2, -1, 0, 2], [-1, 3, 2, -1, 0, 3], [-1, 3, 2, -1, 0, 4], [-1, 3, 2, -1, 0, 5], [-1, 3, 2, -1, 0, 6], [-1, 3, 2, -1, 0, 7], [-1, 3, 2, -1, 0, 8], [-1, 3, 2, -1, 0, 9], [-1, 1, 2, -1, 1, 0], [-1, 1, 2, -1, 1, 1], [-1, 1, 2, -1, 1, 2], [-1, 1, 2, -1, 1, 3], [-1, 1, 2, -1, 1, 4], [-1, 1, 2, -1, 1, 5], [-1, 1, 2, -1, 1, 6], [-1, 1, 2, -1, 1, 7], [-1, 1, 2, -1, 1, 8], [-1, 1, 2, -1, 1, 9], [-1, 2, 2, -1, 1, 0], [-1, 2, 2, -1, 1, 1], [-1, 2, 2, -1, 1, 2], [-1, 2, 2, -1, 1, 3], [-1, 2, 2, -1, 1, 4], [-1, 2, 2, -1, 1, 5], [-1, 2, 2, -1, 1, 6], [-1, 2, 2, -1, 1, 7], [-1, 2, 2, -1, 1, 8], [-1, 2, 2, -1, 1, 9], [-1, 3, 2, -1, 1, 0], [-1, 3, 2, -1, 1, 1], [-1, 3, 2, -1, 1, 2], [-1, 3, 2, -1, 1, 3], [-1, 3, 2, -1, 1, 4], [-1, 3, 2, -1, 1, 5], [-1, 3, 2, -1, 1, 6], [-1, 3, 2, -1, 1, 7], [-1, 3, 2, -1, 1, 8], [-1, 3, 2, -1, 1, 9], [-1, 1, 2, -1, 0, 0], [-1, 1, 2, -1, 0, 1], [-1, 1, 2, -1, 0, 2], [-1, 1, 2, -1, 0, 3], [-1, 1, 2, -1, 0, 4], [-1, 1, 2, -1, 0, 5], [-1, 1, 2, -1, 0, 6], [-1, 1, 2, -1, 0, 7], [-1, 1, 2, -1, 0, 8], [-1, 1, 2, -1, 0, 9], [-1, 2, 2, -1, 0, 0], [-1, 2, 2, -1, 0, 1], [-1, 2, 2, -1, 0, 2], [-1, 2, 2, -1, 0, 3], [-1, 2, 2, -1, 0, 4], [-1, 2, 2, -1, 0, 5], [-1, 2, 2, -1, 0, 6], [-1, 2, 2, -1, 0, 7], [-1, 2, 2, -1, 0, 8], [-1, 2, 2, -1, 0, 9], [-1, 3, 2, -1, 0, 0], [-1, 3, 2, -1, 0, 1], [-1, 3, 2, -1, 0, 2], [-1, 3, 2, -1, 0, 3], [-1, 3, 2, -1, 0, 4], [-1, 3, 2, -1, 0, 5], [-1, 3, 2, -1, 0, 6], [-1, 3, 2, -1, 0, 7], [-1, 3, 2, -1, 0, 8], [-1, 3, 2, -1, 0, 9], [-1, 1, 2, -1, 1, 0], [-1, 1, 2, -1, 1, 1], [-1, 1, 2, -1, 1, 2], [-1, 1, 2, -1, 1, 3], [-1, 1, 2, -1, 1, 4], [-1, 1, 2, -1, 1, 5], [-1, 1, 2, -1, 1, 6], [-1, 1, 2, -1, 1, 7], [-1, 1, 2, -1, 1, 8], [-1, 1, 2, -1, 1, 9], [-1, 2, 2, -1, 1, 0], [-1, 2, 2, -1, 1, 1], [-1, 2, 2, -1, 1, 2], [-1, 2, 2, -1, 1, 3], [-1, 2, 2, -1, 1, 4], [-1, 2, 2, -1, 1, 5], [-1, 2, 2, -1, 1, 6], [-1, 2, 2, -1, 1, 7], [-1, 2, 2, -1, 1, 8], [-1, 2, 2, -1, 1, 9], [-1, 3, 2, -1, 1, 0], [-1, 3, 2, -1, 1, 1], [-1, 3, 2, -1, 1, 2], [-1, 3, 2, -1, 1, 3], [-1, 3, 2, -1, 1, 4], [-1, 3, 2, -1, 1, 5], [-1, 3, 2, -1, 1, 6], [-1, 3, 2, -1, 1, 7], [-1, 3, 2, -1, 1, 8], [-1, 3, 2, -1, 1, 9]], 0[[27, 2, 4, 0, None, 0, 1], [21, 2, 2, 0, 0, 2], [31, 2, 4, 0, None, 3, 4]], 1[[18, 2, 2, 1, None, 0], [18, 2, 2, 1, None, 1], [18, 2, 2, 1, None, 2], [48, 2, 5, 1, 1, 3, 4, 5]], 2[[38, 2, 4, 2, None, 0, 1], [42, 2, 3, 2, 1, 2, 3], [38, 2, 4, 2, None, 4, 5]], 3[[21, 2, 2, 3, 0, 0], [21, 2, 2, 3, 0, 1], [29, 2, 4, 3, None, 2, 3]], 4[[48, 0, 5, 4, 1, 0, 1, 2], [49, 2, 3, 4, None, 0, 1]], 5[[13, 2, 4, 5, 1, 0, 1], [15, 2, 2, 5, 1, 2], [42, 1, 3, 5, 1, 2, 3]], 6[[40, 1, 4, 6, None, 0, 1], [40, 2, 4, 6, None, 0, 1]], 7[[42, 1, 3, 7, 1, 0, 1], [47, 2, 2, 7, 1, 0], [48, 2, 5, 7, 1, 1, 2, 3], [13, 2, 4, 7, 1, 4, 5], [15, 2, 2, 7, 1, 6]], 8[[21, 1, 2, 8, 0, 0], [5, 0, 4, 8, None, 0, 1], [20, 1, 3, 8, None, 1, 2]], 9[[15, 0, 2, 9, 1, 0], [47, 0, 2, 9, 1, 1], [48, 0, 5, 9, 1, 4, 5, 6]], 10[[10, 0, 3, 10, 0, 0, 1], [36, 1, 2, 10, 0, 0], [2, 1, 4, 10, 0, 1, 2]], 11[[7, 2, 3, 11, None, 0, 1], [16, 2, 3, 11, None, 2, 3], [25, 2, 2, 11, 0, 4]], 12[[32, 0, 2, 12, None, 0], [9, 0, 5, 12, None, 1, 2, 3], [9, 0, 5, 12, None, 4, 5, 6]], 13[[10, 2, 3, 13, 0, 0, 1], [21, 2, 2, 13, 0, 2], [25, 2, 2, 13, 0, 3], [10, 2, 3, 13, 0, 4, 5]], 14[[2, 1, 4, 14, 0, 0, 3], [21, 0, 2, 14, 0, 1], [25, 0, 2, 14, 0, 0]], 15[[2, 0, 4, 15, 0, 0, 1], [2, 0, 4, 15, 0, 2, 3]], 16[[47, 2, 2, 16, 1, 0], [12, 2, 4, 16, None, 1, 2], [47, 2, 2, 16, 1, 3]], 17[[13, 0, 4, 17, 1, 0, 1], [8, 2, 4, 17, None, 0, 1]], 18[[40, 2, 4, 18, None, 0, 1], [45, 0, 5, 18, None, 0, 1, 2]], 19[[22, 2, 2, 19, None, 0], [17, 1, 5, 19, None, 0, 1, 2], [45, 1, 5, 19, None, 3, 4, 5]], 20[[21, 0, 2, 20, 0, 0], [25, 0, 2, 20, 0, 1], [10, 0, 3, 20, 0, 2, 3], [36, 1, 2, 20, 0, 1]], 21[[21, 2, 2, 21, 0, 0], [25, 2, 2, 21, 0, 1], [47, 2, 2, 21, 1, 2], [48, 2, 5, 21, 1, 4, 5, 6]], 22[[49, 2, 3, 22, None, 0, 1], [49, 0, 3, 22, None, 0, 1], [13, 1, 4, 22, 1, 0, 1]], 23[[47, 0, 2, 23, 1, 0], [48, 0, 5, 23, 1, 1, 2, 3], [13, 0, 4, 23, 1, 4, 5], [13, 0, 4, 23, 1, 6, 7], [15, 0, 2, 23, 1, 8]], 24[[35, 0, 4, 24, None, 0, 1], [49, 1, 3, 24, None, 0, 1], [49, 2, 3, 24, None, 0, 1]]   26

profSche:
[[0, 0, 0, 0, 0, 0, 0, 0, 0, 0], [0, 0, 0, 0, 0, 0, 0, 0, 0, 0], [2, 2, 2, 2, 2, 0, 0, 0, 0, 0]], [[0, 0, 0, 0, 0, 0, 0, 0, 0, 0], [0, 0, 0, 0, 0, 0, 0, 0, 0, 0], [2, 2, 2, 2, 2, 1, 0, 0, 0, 0]], [[0, 0, 0, 0, 0, 0, 0, 0, 0, 0], [0, 0, 0, 0, 0, 0, 0, 0, 0, 0], [2, 2, 2, 1, 2, 2, 0, 0, 0, 0]], [[0, 0, 0, 0, 0, 0, 0, 0, 0, 0], [0, 0, 0, 0, 0, 0, 0, 0, 0, 0], [2, 2, 2, 2, 0, 0, 0, 0, 0, 0]], [[2, 2, 1, 0, 0, 0, 0, 0, 0, 0], [0, 0, 0, 0, 0, 0, 0, 0, 0, 0], [2, 1, 0, 0, 0, 0, 0, 0, 0, 0]], [[0, 0, 0, 0, 0, 0, 0, 0, 0, 0], [0, 0, 2, 1, 0, 0, 0, 0, 0, 0], [2, 2, 2, 0, 0, 0, 0, 0, 0, 0]], [[0, 0, 0, 0, 0, 0, 0, 0, 0, 0], [2, 2, 0, 0, 0, 0, 0, 0, 0, 0], [2, 2, 0, 0, 0, 0, 0, 0, 0, 0]], [[0, 0, 0, 0, 0, 0, 0, 0, 0, 0], [2, 1, 0, 0, 0, 0, 0, 0, 0, 0], [2, 2, 2, 1, 2, 2, 0, 0, 0, 0]], [[2, 2, 0, 0, 0, 0, 0, 0, 0, 0], [2, 2, 1, 0, 0, 0, 0, 0, 0, 0], [0, 0, 0, 0, 0, 0, 0, 0, 0, 0]], [[2, 2, 1, 0, 2, 2, 0, 0, 0, 0], [0, 0, 0, 0, 0, 0, 0, 0, 0, 0], [0, 0, 0, 0, 0, 0, 0, 0, 0, 0]], [[2, 1, 0, 0, 0, 0, 0, 0, 0, 0], [2, 0, 2, 2, 0, 0, 0, 0, 0, 0], [0, 0, 0, 0, 0, 0, 0, 0, 0, 0]], [[0, 0, 0, 0, 0, 0, 0, 0, 0, 0], [0, 0, 0, 0, 0, 0, 0, 0, 0, 0], [2, 1, 2, 1, 2, 0, 0, 0, 0, 0]], [[2, 2, 2, 1, 2, 2, 1, 0, 0, 0], [0, 0, 0, 0, 0, 0, 0, 0, 0, 0], [0, 0, 0, 0, 0, 0, 0, 0, 0, 0]], [[0, 0, 0, 0, 0, 0, 0, 0, 0, 0], [0, 0, 0, 0, 0, 0, 0, 0, 0, 0], [2, 1, 2, 2, 2, 1, 0, 0, 0, 0]], [[2, 2, 0, 0, 0, 0, 0, 0, 0, 0], [2, 2, 0, 0, 0, 0, 0, 0, 0, 0], [0, 0, 0, 0, 0, 0, 0, 0, 0, 0]], [[2, 2, 2, 2, 0, 0, 0, 0, 0, 0], [0, 0, 0, 0, 0, 0, 0, 0, 0, 0], [0, 0, 0, 0, 0, 0, 0, 0, 0, 0]], [[0, 0, 0, 0, 0, 0, 0, 0, 0, 0], [0, 0, 0, 0, 0, 0, 0, 0, 0, 0], [2, 2, 2, 2, 0, 0, 0, 0, 0, 0]], [[2, 2, 0, 0, 0, 0, 0, 0, 0, 0], [0, 0, 0, 0, 0, 0, 0, 0, 0, 0], [2, 2, 0, 0, 0, 0, 0, 0, 0, 0]], [[2, 2, 1, 0, 0, 0, 0, 0, 0, 0], [0, 0, 0, 0, 0, 0, 0, 0, 0, 0], [2, 2, 0, 0, 0, 0, 0, 0, 0, 0]], [[0, 0, 0, 0, 0, 0, 0, 0, 0, 0], [2, 2, 1, 2, 2, 1, 0, 0, 0, 0], [2, 0, 0, 0, 0, 0, 0, 0, 0, 0]], [[2, 2, 2, 1, 0, 0, 0, 0, 0, 0], [2, 0, 0, 0, 0, 0, 0, 0, 0, 0], [0, 0, 0, 0, 0, 0, 0, 0, 0, 0]], [[0, 0, 0, 0, 0, 0, 0, 0, 0, 0], [0, 0, 0, 0, 0, 0, 0, 0, 0, 0], [2, 2, 0, 2, 2, 2, 1, 0, 0, 0]], [[2, 1, 0, 0, 0, 0, 0, 0, 0, 0], [2, 2, 0, 0, 0, 0, 0, 0, 0, 0], [2, 1, 0, 0, 0, 0, 0, 0, 0, 0]], [[2, 2, 2, 1, 2, 2, 2, 2, 2, 0], [0, 0, 0, 0, 0, 0, 0, 0, 0, 0], [0, 0, 0, 0, 0, 0, 0, 0, 0, 0]], [[2, 2, 0, 0, 0, 0, 0, 0, 0, 0], [2, 1, 0, 0, 0, 0, 0, 0, 0, 0], [2, 1, 0, 0, 0, 0, 0, 0, 0, 0]]   25

profSche0:
[[0, 0, 0, 0, 0, 0, 0, 0, 0, 0], [0, 0, 0, 0, 0, 0, 0, 0, 0, 0], [2, 2, 2, 2, 2, 0, 0, 0, 0, 0]], [[0, 0, 0, 0, 0, 0, 0, 0, 0, 0], [0, 0, 0, 0, 0, 0, 0, 0, 0, 0], [2, 2, 2, 2, 2, 1, 0, 0, 0, 0]], [[0, 0, 0, 0, 0, 0, 0, 0, 0, 0], [0, 0, 0, 0, 0, 0, 0, 0, 0, 0], [2, 2, 2, 1, 2, 2, 0, 0, 0, 0]], [[0, 0, 0, 0, 0, 0, 0, 0, 0, 0], [0, 0, 0, 0, 0, 0, 0, 0, 0, 0], [2, 2, 2, 2, 0, 0, 0, 0, 0, 0]], [[2, 2, 1, 0, 0, 0, 0, 0, 0, 0], [0, 0, 0, 0, 0, 0, 0, 0, 0, 0], [2, 1, 0, 0, 0, 0, 0, 0, 0, 0]], [[0, 0, 0, 0, 0, 0, 0, 0, 0, 0], [0, 0, 2, 1, 0, 0, 0, 0, 0, 0], [2, 2, 2, 0, 0, 0, 0, 0, 0, 0]], [[0, 0, 0, 0, 0, 0, 0, 0, 0, 0], [2, 2, 0, 0, 0, 0, 0, 0, 0, 0], [2, 2, 0, 0, 0, 0, 0, 0, 0, 0]], [[0, 0, 0, 0, 0, 0, 0, 0, 0, 0], [2, 1, 0, 0, 0, 0, 0, 0, 0, 0], [2, 2, 2, 1, 2, 2, 2, 0, 0, 0]], [[2, 2, 0, 0, 0, 0, 0, 0, 0, 0], [2, 2, 1, 0, 0, 0, 0, 0, 0, 0], [0, 0, 0, 0, 0, 0, 0, 0, 0, 0]], [[2, 2, 0, 0, 2, 2, 1, 0, 0, 0], [0, 0, 0, 0, 0, 0, 0, 0, 0, 0], [0, 0, 0, 0, 0, 0, 0, 0, 0, 0]], [[2, 1, 0, 0, 0, 0, 0, 0, 0, 0], [2, 2, 2, 0, 0, 0, 0, 0, 0, 0], [0, 0, 0, 0, 0, 0, 0, 0, 0, 0]], [[0, 0, 0, 0, 0, 0, 0, 0, 0, 0], [0, 0, 0, 0, 0, 0, 0, 0, 0, 0], [2, 1, 2, 1, 2, 0, 0, 0, 0, 0]], [[2, 2, 2, 1, 2, 2, 1, 0, 0, 0], [0, 0, 0, 0, 0, 0, 0, 0, 0, 0], [0, 0, 0, 0, 0, 0, 0, 0, 0, 0]], [[0, 0, 0, 0, 0, 0, 0, 0, 0, 0], [0, 0, 0, 0, 0, 0, 0, 0, 0, 0], [2, 1, 2, 2, 2, 1, 0, 0, 0, 0]], [[2, 2, 0, 0, 0, 0, 0, 0, 0, 0], [2, 0, 0, 2, 0, 0, 0, 0, 0, 0], [0, 0, 0, 0, 0, 0, 0, 0, 0, 0]], [[2, 2, 2, 2, 0, 0, 0, 0, 0, 0], [0, 0, 0, 0, 0, 0, 0, 0, 0, 0], [0, 0, 0, 0, 0, 0, 0, 0, 0, 0]], [[0, 0, 0, 0, 0, 0, 0, 0, 0, 0], [0, 0, 0, 0, 0, 0, 0, 0, 0, 0], [2, 2, 2, 2, 0, 0, 0, 0, 0, 0]], [[2, 2, 0, 0, 0, 0, 0, 0, 0, 0], [0, 0, 0, 0, 0, 0, 0, 0, 0, 0], [2, 2, 0, 0, 0, 0, 0, 0, 0, 0]], [[2, 2, 1, 0, 0, 0, 0, 0, 0, 0], [0, 0, 0, 0, 0, 0, 0, 0, 0, 0], [2, 2, 0, 0, 0, 0, 0, 0, 0, 0]], [[0, 0, 0, 0, 0, 0, 0, 0, 0, 0], [2, 2, 1, 2, 2, 1, 0, 0, 0, 0], [2, 0, 0, 0, 0, 0, 0, 0, 0, 0]], [[2, 2, 2, 1, 0, 0, 0, 0, 0, 0], [0, 2, 0, 0, 0, 0, 0, 0, 0, 0], [0, 0, 0, 0, 0, 0, 0, 0, 0, 0]], [[0, 0, 0, 0, 0, 0, 0, 0, 0, 0], [0, 0, 0, 0, 0, 0, 0, 0, 0, 0], [2, 2, 2, 0, 2, 2, 1, 0, 0, 0]], [[2, 1, 0, 0, 0, 0, 0, 0, 0, 0], [2, 2, 0, 0, 0, 0, 0, 0, 0, 0], [2, 1, 0, 0, 0, 0, 0, 0, 0, 0]], [[2, 2, 2, 1, 2, 2, 2, 2, 2, 0], [0, 0, 0, 0, 0, 0, 0, 0, 0, 0], [0, 0, 0, 0, 0, 0, 0, 0, 0, 0]], [[2, 2, 0, 0, 0, 0, 0, 0, 0, 0], [2, 1, 0, 0, 0, 0, 0, 0, 0, 0], [2, 1, 0, 0, 0, 0, 0, 0, 0, 0]]   25



BestMove_log:
([2, 1, 4, 10, 0, 1, 2], [2, 1, 4, 14, 0, 0, 3], [2, 1, 4, 10, 0, 3, 2], [2, 1, 4, 14, 0, 0, 1], -9), ([48, 0, 5, 9, 1, 4, 5, 6], [48, 0, 5, 4, 1, 0, 1, 2], [48, 0, 5, 9, 1, 4, 5, 2], [48, 0, 5, 4, 1, 0, 1, 6], -4), ([36, 1, 2, 20, 0, 1], [-1, 1, 2, -1, 0, 0], [36, 1, 2, 20, 0, 0], [-1, 1, 2, -1, 0, 1], -3), ([10, 2, 3, 13, 0, 0, 1], [-1, 2, 2, -1, 0, 1], [10, 2, 3, 13, 0, 0, 1], [-1, 2, 2, -1, 0, 1], 0), ([10, 2, 3, 13, 0, 4, 5], [-1, 2, 2, -1, 0, 5], [10, 2, 3, 13, 0, 4, 5], [-1, 2, 2, -1, 0, 5], 0), ([42, 1, 3, 7, 1, 0, 1], [-1, 1, 2, -1, 1, 1], [42, 1, 3, 7, 1, 0, 1], [-1, 1, 2, -1, 1, 1], 0), ([42, 1, 3, 5, 1, 2, 3], [-1, 1, 2, -1, 1, 3], [42, 1, 3, 5, 1, 2, 3], [-1, 1, 2, -1, 1, 3], 0), ([42, 2, 3, 2, 1, 2, 3], [48, 2, 5, 7, 1, 1, 2, 3], [42, 2, 3, 2, 1, 2, 3], [48, 2, 5, 7, 1, 1, 2, 3], 0), ([10, 2, 3, 13, 0, 0, 1], [-1, 2, 2, -1, 0, 1], [10, 2, 3, 13, 0, 0, 1], [-1, 2, 2, -1, 0, 1], 0), ([42, 2, 3, 2, 1, 2, 3], [15, 2, 2, 7, 1, 6], [42, 2, 3, 2, 1, 2, 6], [15, 2, 2, 7, 1, 3], 0), ([42, 2, 3, 2, 1, 2, 6], [48, 2, 5, 7, 1, 1, 2, 3], [42, 2, 3, 2, 1, 2, 3], [48, 2, 5, 7, 1, 1, 2, 6], -5), ([48, 2, 5, 7, 1, 1, 2, 6], [-1, 2, 2, -1, 1, 3], [48, 2, 5, 7, 1, 1, 3, 6], [-1, 2, 2, -1, 1, 2], -1), ([13, 2, 4, 7, 1, 4, 5], [15, 2, 2, 5, 1, 2], [13, 2, 4, 7, 1, 4, 2], [15, 2, 2, 5, 1, 5], -2), ([48, 2, 5, 21, 1, 4, 5, 6], [15, 2, 2, 7, 1, 3], [48, 2, 5, 21, 1, 4, 3, 6], [15, 2, 2, 7, 1, 5], -1), ([47, 2, 2, 21, 1, 2], [15, 2, 2, 5, 1, 5], [47, 2, 2, 21, 1, 5], [15, 2, 2, 5, 1, 2], -2), ([10, 2, 3, 13, 0, 4, 5], [-1, 2, 2, -1, 0, 5], [10, 2, 3, 13, 0, 4, 5], [-1, 2, 2, -1, 0, 5], 0), ([10, 2, 3, 13, 0, 0, 1], [-1, 2, 2, -1, 0, 1], [10, 2, 3, 13, 0, 0, 1], [-1, 2, 2, -1, 0, 1], 0), ([42, 1, 3, 7, 1, 0, 1], [-1, 1, 2, -1, 1, 1], [42, 1, 3, 7, 1, 0, 1], [-1, 1, 2, -1, 1, 1], 0)   18


















































